[[4,9]]
[]
[]
[]
[]
[]
[]
[[1,4,6]]
[]
[]
[]
[]
[]
[]
[]
[]
[]
[]
[]
[]
[]
[]
[]
[]
[]
[]
[[1,2]]
[]
[]
[]
[]
[]
[]
[]
[]
[]
[]
[]
[]
[]
[[1,2]]
[]
[[6,8]]
[[2,3]]
[]
[]
[[1,3,6]]
[]
[]
[]
[]
[]
[]
[[2,4]]
[]
[[1,2]]
[]
[[2,3]]
[[1,2]]
[[2,4],[6,9]]
[]
[[1,2],[4,5]]
[[3,4]]
[]
[]
[]
[]
[]
[]
[]
[]
[]
[[1,2]]
[]
[]
[]
[]
[]
[]
[]
[]
[]
[]
[]
[]
[]
[]
[]
[]
[]
[]
[]
[]
[]
[]
[]
[]
[[1,2]]
[]
[]
[]
[]
[]
[]
[]
[[1,3]]
[]
[]
[]
[]
[]
[]
[]
[]
[]
[]
[]
[[1,3]]
[]
[]
[]
[]
[[2,3]]
[]
[]
[[2,4]]
[]
[]
[]
[]
[]
[]
[]
[]
[]
[]
[[2,3]]
[]
[]
[]
[]
[]
[]
[]
[]
[]
[]
[]
[]
[]
[]
[]
[]
[]
[]
[]
[[1,4]]
[]
[]
[]
[[2,4]]
[]
[]
[]
[]
[]
[]
[]
[]
[]
[]
[]
[]
[]
[]
[]
[]
[]
[]
[]
[]
[]
[]
[]
[]
[]
[]
[[2,3]]
[]
[]
[]
[]
[]
[]
[]
[]
[]
[]
[]
[]
[]
[]
[]
[]
[]
[]
[]
[]
[]
[]
[[1,3]]
[[2,3]]
[]
[]
[]
[]
[]
[]
[]
[]
[]
[]
[]
[]
[]
[]
[[1,3]]
[]
[]
[]
[]
[[1,3]]
[]
[]
[]
[]
[]
[]
[]
[]
[]
[]
[]
[]
[]
[]
[]
[]
[]
[]
[]
[]
[]
[]
[]
[]
[]
[]
[]
[]
[]
[]
[]
[]
[]
[]
[]
[]
[]
[]
[]
[]
[]
[]
[[5,7]]
[]
[]
[]
[]
[]
[]
[]
[]
[]
[]
[]
[]
[]
[]
[[4,6]]
[[1,5],[3,6]]
[[4,9],[5,7]]
[[1,3]]
[]
[]
[]
[]
[[3,5]]
[]
[]
[[3,5],[4,6]]
[[2,7],[5,8]]
[[5,6]]
[]
[[2,4]]
[[2,6],[3,5,7]]
[]
[]
[[6,7]]
[]
[]
[]
[]
[]
[]
[[2,4]]
[[2,4,8,10]]
[]
[]
[[1,4]]
[]
[[1,4]]
[]
[]
[]
[[4,9]]
[]
[[3,5]]
[]
[]
[]
[]
[]
[[1,3]]
[]
[]
[]
[]
[[1,3]]
[[1,3],[2,4]]
[]
[]
[[2,4]]
[]
[]
[]
[]
[]
[]
[]
[]
[[5,7]]
[[1,3,5]]
[]
[[3,5]]
[]
[[1,3]]
[]
[]
[]
[]
[]
[]
[]
[]
[]
[[1,4]]
[]
[]
[]
[[1,6,9]]
[]
[]
[]
[]
[]
[[2,4]]
[]
[]
[]
[]
[]
[]
[]
[]
[[2,5]]
[[4,6]]
[]
[]
[]
[]
[]
[]
[[3,5],[4,6]]
[]
[[3,5],[6,8]]
[]
[]
[]
[]
[]
[]
[]
[]
[[2,7],[3,6]]
[]
[]
[[1,3]]
[[2,4]]
[]
[]
[[3,5]]
[]
[[2,4]]
[]
[]
[]
[]
[]
[]
[[3,5],[2,8]]
[]
[]
[]
[]
[]
[]
[]
[]
[[2,3]]
[]
[]
[]
[]
[[7,11],[4,8,10]]
[]
[]
[]
[]
[]
[]
[]
[]
[]
[]
[[7,9]]
[]
[[2,4,7]]
[]
[]
[[2,4,10],[3,5,9],[7,11]]
[]
[]
[]
[]
[]
[]
[]
[[5,7]]
[]
[]
[]
[]
[[1,3]]
[[2,4],[1,3]]
[[2,5]]
[[1,3]]
[[1,2]]
[[3,5]]
[[6,9]]
[]
[]
[]
[[1,3]]
[]
[]
[]
[]
[[1,3]]
[]
[]
[[4,6]]
[[5,10]]
[]
[[5,7]]
[]
[[3,5]]
[[2,7],[1,5]]
[[2,4],[6,9]]
[[4,8]]
[[1,3,5]]
[]
[]
[]
[]
[]
[]
[[2,4]]
[[4,6]]
[]
[[1,4]]
[]
[[2,5]]
[]
[[2,4]]
[]
[[3,5]]
[]
[[3,7]]
[[1,3,7],[4,6]]
[[1,3]]
[[3,5]]
[]
[[1,3]]
[[1,5],[2,4]]
[[1,5],[2,6]]
[[2,5]]
[]
[[2,4]]
[[2,4,8],[7,9]]
[[1,3]]
[]
[]
[]
[[1,3]]
[[1,2,3,4,5,7]]
[]
[[1,3]]
[]
[]
[]
[]
[]
[]
[]
[]
[]
[]
[]
[]
[]
[]
[]
[[2,3]]
[]
[]
[]
[]
[[2,3]]
[[1,3]]
[]
[]
[]
[]
[]
[]
[]
[[3,4],[9,10]]
[]
[]
[]
[]
[]
[]
[]
[[1,2]]
[[2,3]]
[]
[]
[]
[]
[]
[]
[]
[]
[[3,4]]
[]
[[5,7]]
[]
[]
[]
[]
[]
[]
[]
[]
[]
[]
[]
[]
[]
[]
[]
[]
[]
[]
[]
[]
[]
[]
[]
[]
[[1,2]]
[]
[]
[]
[]
[]
[]
[[1,2]]
[]
[]
[]
[[5,10]]
[[1,3]]
[[2,4]]
[]
[]
[]
[]
[]
[]
[]
[[2,3]]
[]
[]
[[1,4]]
[[1,2]]
[[1,2],[4,5]]
[]
[]
[]
[]
[]
[]
[]
[]
[]
[]
[]
[]
[]
[]
[]
[]
[[2,3]]
[]
[]
[]
[]
[[2,3]]
[[1,2,3]]
[]
[[1,2],[4,5]]
[]
[]
[[3,4]]
[]
[[1,3]]
[]
[]
[[1,2]]
[]
[]
[[3,6]]
[[1,2,3]]
[]
[]
[]
[]
[[1,3]]
[]
[]
[]
[[2,4]]
[[1,2],[6,8],[7,9]]
[]
[]
[]
[]
[]
[]
[]
[]
[]
[]
[]
[]
[]
[[1,2]]
[]
[]
[]
[]
[]
[]
[]
[]
[]
[[1,3]]
[]
[]
[]
[]
[]
[]
[]
[]
[]
[]
[]
[]
[]
[]
[]
[]
[]
[]
[]
[]
[]
[]
[]
[]
[]
[]
[]
[]
[]
[]
[]
[]
[]
[]
[]
[]
[]
[]
[]
[]
[]
[]
[]
[]
[]
[]
[]
[[3,4]]
[]
[]
[]
[]
[]
[]
[]
[]
[]
[]
[]
[]
[]
[]
[]
[[4,8]]
[]
[]
[]
[]
[[2,3]]
[]
[]
[]
[]
[]
[]
[]
[]
[[5,7]]
[]
[]
[]
[]
[]
[]
[]
[]
[]
[]
[]
[]
[]
[]
[]
[]
[]
[]
[]
[]
[]
[]
[]
[]
[]
[]
[]
[]
[]
[]
[]
[[1,2]]
[]
[]
[[2,3]]
[[1,3]]
[[1,3]]
[]
[]
[]
[]
[]
[]
[[1,3]]
[]
[]
[]
[]
[]
[]
[]
[]
[[2,3]]
[]
[]
[]
[]
[[3,8]]
[]
[]
[]
[]
[]
[]
[]
[]
[]
[]
[]
[]
[]
[]
[]
[]
[]
[]
[]
[]
[]
[]
[]
[]
[]
[]
[]
[]
[]
[]
[]
[]
[]
[]
[]
[]
[]
[]
[]
[]
[]
[]
[]
[[1,2]]
[]
[]
[]
[]
[]
[]
[]
[]
[]
[]
[]
[]
[]
[]
[]
[]
[]
[]
[]
[]
[]
[]
[]
[]
[]
[]